00001110000000000000000000000001
00000010100011101000000000111111
00000000100011111000001110100000
00000010000111101111010000101101
00000010100000100000000000000000
00000010000111110111110000000001
00000100000000000001001111000000
00000010100000101000000000000000
00000010000111110111110000000010
00000100000000000001011111000000
00000010100000110000000000000000
00000010000111110111110000000011
00000100000000000001101111000000
00000010100000111000000001000000
00000010000001000001110000000000
00000010100001001000000000001001
00000100000000000010010100000000
00000010100001010000000001000000
00000010000001011010100000000001
00000010100001100000000000000001
00000100000000000011000101100000
00000010100001101000000001000000
00000010000001110011010000000010
00000010100001111000000000001000
00000100000000000011110111000000
00000010100010000000000001000000
00000010000010001100000000000011
00000010100010010000000000000010
00000100000000000100101000100000
00000010100010011000000001000000
00000010000010100100110000000100
00000010100010101000000000000111
00000100000000000101011010000000
00000010100010110000000001000000
00000010000010111101100000000101
00000010100011000000000000000011
00000100000000000110001011100000
00000010100011001000000000000000
00000010000111110111110000000001
00000100000000000110011111000000
00000010000111110111110000000001
00000100000111010000001111000000
00000010100000111000000000000110
00000001000100000110100011100000
01001110000000000000000000111010
00000010100001001000000000000000
00000010000111110111110000000010
00000100000000000010011111000000
00000010100001000000000000000101
00000010000111110111110000000001
00000100000101010000001111000000
00000000000101100010000101000000
00000010000111110111110000000010
00000100000101011000001111000000
00000001000100000010110110000000
01001110000000000000000000100111
00000010100001101000000001000000
00000000000001111011010101100000
00000100000101110000000111100000
00000010000010000010110000000001
00000010100010010000000001000000
00000000000010001100101000000000
00000100000110011000001000100000
00000001000100000011101001100000
01101110000000000000000000010110
00000010100010101000000001000000
00000000000010100101010101100000
00000100000110110000001010000000
00000010000111110111110000000011
00000100000000000101101111000000
00000010000011000010110000000001
00000010100010111000000001000000
00000000000000100101111100000000
00000100000100101000000010000000
00000010100000110000000001000000
00000000000011001001100101100000
00000100000000000001011100100000
00000010000011010010110000000001
00000010100001001000000001000000
00000000000001101010011101000000
00000100000000000101100110100000
00000010000111110111110000000001
00000100000000000010101111000000
00000010000111110111110000000010
00000100000000000010111111000000
00001110000000000000000000000001
00000010000111110111110000000010
00000100000101111000001111000000
00000010000010010011110000000001
00000010000111110111110000000010
00000100000000000100101111000000
00000010000111110111110000000010
00000100000000000100101111000000
00001110000000000000001111010011
00000010000111110111110000000001
00000100000110000000001111000000
00000010000010001100000000000001
00000010000111110111110000000001
00000100000000000100011111000000
00000010000111110111110000000001
00000100000000000100011111000000
00001110000000000000001111000011
00000010100010101000000000000000
00000010000111110111110000000001
00000100000000000101011111000000
00000010000111110111110000000001
00000100000110100000001111000000
00000010100010110000000000000110
00000001000100000101001011000000
01001110000000000000000000010010
00000010100010111000000001000000
00000000000011000101111010000000
00000100000100100000001100000000
00000010000111110111110000000100
00000100000000000001001111000000
00000010000111110111110000000100
00000100000100110000001111000000
00000000100000001000000011000000
00000000101000000000000000100000
00000010000111110111110000000001
00000100000100101000001111000000
00000010000011001001010000000001
00000010000111110111110000000001
00000100000000000110011111000000
00000010000111110111110000000001
00000100000000000110011111000000
00001110000000000000001111101011
00001110000000000000000000000001
00001110000000000000000000000000
00000000000000000000000000000000
00000000000000000000000000000000
00000000000000000000000000000000
00000000000000000000000000000000
00000000000000000000000000000000
00000000000000000000000000000000
00000000000000000000000000000000
00000000000000000000000000000000
00000000000000000000000000000000
00000000000000000000000000000000
00000000000000000000000000000000
00000000000000000000000000000000
00000000000000000000000000000000
00000000000000000000000000000000
00000000000000000000000000000000
00000000000000000000000000000000
00000000000000000000000000000000
00000000000000000000000000000000
00000000000000000000000000000000
00000000000000000000000000000000
00000000000000000000000000000000
00000000000000000000000000000000
00000000000000000000000000000000
00000000000000000000000000000000
00000000000000000000000000000000
00000000000000000000000000000000
00000000000000000000000000000000
00000000000000000000000000000000
00000000000000000000000000000000
00000000000000000000000000000000
00000000000000000000000000000000
00000000000000000000000000000000
00000000000000000000000000000000
00000000000000000000000000000000
00000000000000000000000000000000
00000000000000000000000000000000
00000000000000000000000000000000
00000000000000000000000000000000
00000000000000000000000000000000
00000000000000000000000000000000
00000000000000000000000000000000
00000000000000000000000000000000
00000000000000000000000000000000
00000000000000000000000000000000
00000000000000000000000000000000
00000000000000000000000000000000
00000000000000000000000000000000
00000000000000000000000000000000
00000000000000000000000000000000
00000000000000000000000000000000
00000000000000000000000000000000
00000000000000000000000000000000
00000000000000000000000000000000
00000000000000000000000000000000
00000000000000000000000000000000
00000000000000000000000000000000
00000000000000000000000000000000
00000000000000000000000000000000
00000000000000000000000000000000
00000000000000000000000000000000
00000000000000000000000000000000
00000000000000000000000000000000
00000000000000000000000000000000
00000000000000000000000000000000
00000000000000000000000000000000
00000000000000000000000000000000
00000000000000000000000000000000
00000000000000000000000000000000
00000000000000000000000000000000
00000000000000000000000000000000