00001110000000000000000000000001
00000010100011101000000000111111
00000000100011111000001110100000
00000010000111101111010000011001
00000010100000100000000000000000
00000010000111110111110000000001
00000100000000000001001111000000
00000010100000101000000000000000
00000010000111110111110000000010
00000100000000000001011111000000
00000010100000110000000000000000
00000010000111110111110000000011
00000100000000000001101111000000
00000010100000111000000000000000
00000010000111110111110000000100
00000100000000000001111111000000
00000010100001000000000000000000
00000010000111110111110000000101
00000100000000000010001111000000
00000010000111110111110000000001
00000100000101001000001111000000
00000010100001010000000000000100
00000001000100000010010101000000
01001110000000000000000000111110
00000010100001011000000000000000
00000010000111110111110000000010
00000100000000000010111111000000
00000010000111110111110000000010
00000100000101100000001111000000
00000010100001101000000000000100
00000001000100000011000110100000
01001110000000000000000000101110
00000010000111110111110000000001
00000100000101110000001111000000
00000010001001111011100000000100
00000000000010000011110110000000
00000010000111110111110000000011
00000100000000000100001111000000
00000010000010001011100000000001
00000010000010010011000000000001
00000000001010011100011001000000
00000010100010100000000001000000
00000000000010101101001000000000
00000100000000000100111010100000
00000010100010110000000001000000
00000000000010111101101000000000
00000100000111000000001011100000
00000010000111110111110000000100
00000100000111001000001111000000
00000000000011010110011100000000
00000010000111110111110000000100
00000100000000000110101111000000
00000001000100000011100110000000
00101110000000000000000000010000
00000010100000100000000001000000
00000000000000101001001000000000
00000100000100110000000010100000
00000010000111110111110000000101
00000100000100111000001111000000
00000000000001000001110011000000
00000010000111110111110000000101
00000100000000000010001111000000
00000010000111110111110000000101
00000100000000000010001111000000
00000010000111110111110000000011
00000100000000000100001111000000
00000010000111110111110000000100
00000100000000000110101111000000
00001110000000000000000000000001
00000010000111110111110000000010
00000100000101001000001111000000
00000010000001011010010000000001
00000010000111110111110000000010
00000100000000000010111111000000
00000010000111110111110000000010
00000100000000000010111111000000
00001110000000000000001111001111
00000010000111110111110000000001
00000100000101111000001111000000
00000010000010000011110000000001
00000010000111110111110000000001
00000100000000000100001111000000
00000010000111110111110000000001
00000100000000000100001111000000
00001110000000000000001110111111
00000010000111110111110000000100
00000100000110001000001111000000
00000000100000001000001000100000
00000000101000000000000000100000
00000010000111110111110000000101
00000100000110010000001111000000
00000000100000001000001001000000
00000000101000000000000000100000
00001110000000000000000000000001
00001110000000000000000000000000
00000000000000000000000000000000
00000000000000000000000000000000
00000000000000000000000000000000
00000000000000000000000000000000
00000000000000000000000000000000
00000000000000000000000000000000
00000000000000000000000000000000
00000000000000000000000000000000
00000000000000000000000000000000
00000000000000000000000000000000
00000000000000000000000000000000
00000000000000000000000000000000
00000000000000000000000000000000
00000000000000000000000000000000
00000000000000000000000000000000
00000000000000000000000000000000
00000000000000000000000000000000
00000000000000000000000000000000
00000000000000000000000000000000
00000000000000000000000000000000
00000000000000000000000000000000
00000000000000000000000000000000
00000000000000000000000000000000
00000000000000000000000000000000
00000000000000000000000000000000
00000000000000000000000000000000
00000000000000000000000000000000
00000000000000000000000000000000
00000000000000000000000000000000
00000000000000000000000000000000
00000000000000000000000000000000
00000000000000000000000000000000
00000000000000000000000000000000
00000000000000000000000000000000
00000000000000000000000000000000
00000000000000000000000000000000
00000000000000000000000000000000
00000000000000000000000000000000
00000000000000000000000000000000
00000000000000000000000000000000
00000000000000000000000000000000
00000000000000000000000000000000
00000000000000000000000000000000
00000000000000000000000000000000
00000000000000000000000000000000
00000000000000000000000000000000
00000000000000000000000000000000
00000000000000000000000000000000
00000000000000000000000000000000
00000000000000000000000000000000
00000000000000000000000000000000
00000000000000000000000000000000
00000000000000000000000000000000
00000000000000000000000000000000
00000000000000000000000000000000
00000000000000000000000000000000
00000000000000000000000000000000
00000000000000000000000000000000
00000000000000000000000000000000
00000000000000000000000000000000
00000000000000000000000000000000
00000000000000000000000000000000
00000000000000000000000000000000
00000000000000000000000000000000
00000000000000000000000000000000
00000000000000000000000000000000
00000000000000000000000000000000
00000000000000000000000000000000
00000000000000000000000000000000
00000000000000000000000000000000
00000000000000000000000000000000
00000000000000000000000000000000
00000000000000000000000000000000
00000000000000000000000000000000
00000000000000000000000000000000
00000000000000000000000000000000
00000000000000000000000000000000
00000000000000000000000000000000
00000000000000000000000000000000
00000000000000000000000000000000