00001110000000000000000000000001
00000010100011101000000000111111
00000000100011111000001110100000
00000010000111101111010000011000
00000010100000100000000000000000
00000010000111110111110000000001
00000100000000000001001111000000
00000010100000101000000000000000
00000010000111110111110000000010
00000100000000000001011111000000
00000010100000110000000000000000
00000010000111110111110000000011
00000100000000000001101111000000
00000010100000111000000000000000
00000010000111110111110000000100
00000100000000000001111111000000
00000010100001000000000000000000
00000010000111110111110000000101
00000100000000000010001111000000
00000010100001001000000000000000
00000010000111110111110000000110
00000100000000000010011111000000
00000010000111110111110000000001
00000100000101010000001111000000
00000010100001011000000000000110
00000001000100000010100101100000
01001110000000000000000001010000
00000010100001100000000000000000
00000010000111110111110000000010
00000100000000000011001111000000
00000010000111110111110000000010
00000100000101101000001111000000
00000010100001110000000000001000
00000001000100000011010111000000
01001110000000000000000000001110
00000010000111110111110000000001
00000100000101111000001111000000
00000000000010000011010111100000
00000010000010001100000000000001
00000010100010010000000001000000
00000000000010011100100110100000
00000100000000000100011001100000
00000010000010100011010000000001
00000010000111110111110000000010
00000100000000000101001111000000
00000010000111110111110000000010
00000100000000000101001111000000
00001110000000000000001111101111
00000010100010101000000000000000
00000010000111110111110000000011
00000100000000000101011111000000
00000010000111110111110000000011
00000100000110110000001111000000
00000010100010111000000000001000
00000001000100000101101011100000
01001110000000000000000000101011
00000010100011000000000000000000
00000010000111110111110000000100
00000100000000000110001111000000
00000010000111110111110000000100
00000100000111001000001111000000
00000010100011010000000000001000
00000001000100000110011101000000
01001110000000000000000000011011
00000010000111110111110000000101
00000100000000000110011111000000
00000010100000100000000001000000
00000000000000101001001100100000
00000100000100110000000010100000
00000010000111110111110000000110
00000100000100111000001111000000
00000000000001000001110011000000
00000010000111110111110000000011
00000100000101001000001111000000
00000000000001010010000100100000
00000010000111110111110000000001
00000100000101100000001111000000
00000000000010000010100110000000
00000010000111110111110000000110
00000100000000000100001111000000
00000010000111110111110000000100
00000100000110010000001111000000
00000010000010001100100000000001
00000010000111110111110000000100
00000100000000000100011111000000
00000010000111110111110000000110
00000100000000000100001111000000
00000010000111110111110000000100
00000100000000000100011111000000
00001110000000000000001111100010
00000010000111110111110000000011
00000100000110011000001111000000
00000010000001101100110000000001
00000010000111110111110000000011
00000100000000000011011111000000
00000010000111110111110000000011
00000100000000000011011111000000
00001110000000000000001111010010
00000010000111110111110000000001
00000100000110100000001111000000
00000010000001111101000000000001
00000010000111110111110000000001
00000100000000000011111111000000
00000010000111110111110000000001
00000100000000000011111111000000
00001110000000000000001110101101
00000010000111110111110000000110
00000100000110101000001111000000
00000000100000001000001010100000
00000000101000000000000000100000
00001110000000000000000000000001
00001110000000000000000000000000
00000000000000000000000000000000
00000000000000000000000000000000
00000000000000000000000000000000
00000000000000000000000000000000
00000000000000000000000000000000
00000000000000000000000000000000
00000000000000000000000000000000
00000000000000000000000000000000
00000000000000000000000000000000
00000000000000000000000000000000
00000000000000000000000000000000
00000000000000000000000000000000
00000000000000000000000000000000
00000000000000000000000000000000
00000000000000000000000000000000
00000000000000000000000000000000
00000000000000000000000000000000
00000000000000000000000000000000
00000000000000000000000000000000
00000000000000000000000000000000
00000000000000000000000000000000
00000000000000000000000000000000
00000000000000000000000000000000
00000000000000000000000000000000
00000000000000000000000000000000
00000000000000000000000000000000
00000000000000000000000000000000
00000000000000000000000000000000
00000000000000000000000000000000
00000000000000000000000000000000
00000000000000000000000000000000
00000000000000000000000000000000
00000000000000000000000000000000
00000000000000000000000000000000
00000000000000000000000000000000
00000000000000000000000000000000
00000000000000000000000000000000
00000000000000000000000000000000
00000000000000000000000000000000
00000000000000000000000000000000
00000000000000000000000000000000
00000000000000000000000000000000
00000000000000000000000000000000
00000000000000000000000000000000
00000000000000000000000000000000
00000000000000000000000000000000
00000000000000000000000000000000
00000000000000000000000000000000
00000000000000000000000000000000
00000000000000000000000000000000
00000000000000000000000000000000
00000000000000000000000000000000
00000000000000000000000000000000
00000000000000000000000000000000
00000000000000000000000000000000
00000000000000000000000000000000
00000000000000000000000000000000
00000000000000000000000000000000
00000000000000000000000000000000
00000000000000000000000000000000
00000000000000000000000000000000
00000000000000000000000000000000
00000000000000000000000000000000
00000000000000000000000000000000
00000000000000000000000000000000
00000000000000000000000000000000
00000000000000000000000000000000
00000000000000000000000000000000
00000000000000000000000000000000
00000000000000000000000000000000
00000000000000000000000000000000
00000000000000000000000000000000