00001110000000000000000000000001
00000010100011101000000000111111
00000000100011111000001110100000
00000010000111101111010000000111
00000000100100100000000000000000
00000010000111110111110000000001
00000100000000000001001111000000
00000010100000101000000000000001
00000010000111110111110000000010
00000100000000000001011111000000
00000010100000110000000000000001
00000010000111110111110000000011
00000100000000000001101111000000
00000010000111110111110000000001
00000100000000000001001111000000
00000010000111110111110000000010
00000100000100111000001111000000
00000010000111110111110000000001
00000100000101000000001111000000
00000001000100000001110100000000
00111110000000000000000000001110
00000010000111110111110000000011
00000100000101001000001111000000
00000000001001010010010011100000
00000010000111110111110000000011
00000100000000000010101111000000
00000010000001011001110000000001
00000010000111110111110000000010
00000100000000000010111111000000
00000010000111110111110000000011
00000100000000000010101111000000
00000010000111110111110000000010
00000100000000000010111111000000
00001110000000000000001111101110
00000010000111110111110000000011
00000100000101100000001111000000
00000000100000001000000110000000
00000000101000000000000000100000
00001110000000000000000000000001
00001110000000000000000000000000
00000000000000000000000000000000
00000000000000000000000000000000
00000000000000000000000000000000
00000000000000000000000000000000
00000000000000000000000000000000
00000000000000000000000000000000
00000000000000000000000000000000
00000000000000000000000000000000
00000000000000000000000000000000
00000000000000000000000000000000
00000000000000000000000000000000
00000000000000000000000000000000
00000000000000000000000000000000
00000000000000000000000000000000
00000000000000000000000000000000
00000000000000000000000000000000
00000000000000000000000000000000
00000000000000000000000000000000
00000000000000000000000000000000
00000000000000000000000000000000
00000000000000000000000000000000
00000000000000000000000000000000
00000000000000000000000000000000
00000000000000000000000000000000
00000000000000000000000000000000
00000000000000000000000000000000
00000000000000000000000000000000
00000000000000000000000000000000
00000000000000000000000000000000
00000000000000000000000000000000
00000000000000000000000000000000
00000000000000000000000000000000
00000000000000000000000000000000
00000000000000000000000000000000
00000000000000000000000000000000
00000000000000000000000000000000
00000000000000000000000000000000
00000000000000000000000000000000
00000000000000000000000000000000
00000000000000000000000000000000
00000000000000000000000000000000
00000000000000000000000000000000
00000000000000000000000000000000
00000000000000000000000000000000
00000000000000000000000000000000
00000000000000000000000000000000
00000000000000000000000000000000
00000000000000000000000000000000
00000000000000000000000000000000
00000000000000000000000000000000
00000000000000000000000000000000
00000000000000000000000000000000
00000000000000000000000000000000
00000000000000000000000000000000
00000000000000000000000000000000
00000000000000000000000000000000
00000000000000000000000000000000
00000000000000000000000000000000
00000000000000000000000000000000
00000000000000000000000000000000
00000000000000000000000000000000
00000000000000000000000000000000
00000000000000000000000000000000
00000000000000000000000000000000