00001110000000000000000000000001
00000010100011101000000000111111
00000000100011111000001110100000
00000010000111101111010000001001
00000000100100100000000000000000
00000010000111110111110000000001
00000100000000000001001111000000
00000010100000101000000000000000
00000010000111110111110000000010
00000100000000000001011111000000
00000010100000110000000000000000
00000010000111110111110000000011
00000100000000000001101111000000
00000010100000111000000000000001
00000010000111110111110000000100
00000100000000000001111111000000
00000010100001000000000000000000
00000010000111110111110000000101
00000100000000000010001111000000
00000010000111110111110000000001
00000100000000000001001111000000
00000010000111110111110000000010
00000100000101001000001111000000
00000010000111110111110000000001
00000100000101010000001111000000
00000001000100000010010101000000
01001110000000000000000000010100
00000010000111110111110000000011
00000100000101011000001111000000
00000010000111110111110000000100
00000100000101100000001111000000
00000000000001101010110110000000
00000010000111110111110000000101
00000100000000000011011111000000
00000010000111110111110000000011
00000100000000000011001111000000
00000010000111110111110000000100
00000100000000000011011111000000
00000010000001110010010000000001
00000010000111110111110000000010
00000100000000000011101111000000
00000010000111110111110000000010
00000100000000000011101111000000
00000010000111110111110000000100
00000100000000000011011111000000
00001110000000000000001111101000
00000010000111110111110000000011
00000100000101111000001111000000
00000000100000001000000111100000
00000000101000000000000000100000
00001110000000000000000000000001
00001110000000000000000000000000
00000000000000000000000000000000
00000000000000000000000000000000
00000000000000000000000000000000
00000000000000000000000000000000
00000000000000000000000000000000
00000000000000000000000000000000
00000000000000000000000000000000
00000000000000000000000000000000
00000000000000000000000000000000
00000000000000000000000000000000
00000000000000000000000000000000
00000000000000000000000000000000
00000000000000000000000000000000
00000000000000000000000000000000
00000000000000000000000000000000
00000000000000000000000000000000
00000000000000000000000000000000
00000000000000000000000000000000
00000000000000000000000000000000
00000000000000000000000000000000
00000000000000000000000000000000
00000000000000000000000000000000
00000000000000000000000000000000
00000000000000000000000000000000
00000000000000000000000000000000
00000000000000000000000000000000
00000000000000000000000000000000
00000000000000000000000000000000
00000000000000000000000000000000
00000000000000000000000000000000
00000000000000000000000000000000
00000000000000000000000000000000
00000000000000000000000000000000
00000000000000000000000000000000
00000000000000000000000000000000
00000000000000000000000000000000
00000000000000000000000000000000
00000000000000000000000000000000
00000000000000000000000000000000
00000000000000000000000000000000
00000000000000000000000000000000
00000000000000000000000000000000
00000000000000000000000000000000
00000000000000000000000000000000
00000000000000000000000000000000
00000000000000000000000000000000
00000000000000000000000000000000
00000000000000000000000000000000
00000000000000000000000000000000
00000000000000000000000000000000
00000000000000000000000000000000
00000000000000000000000000000000
00000000000000000000000000000000
00000000000000000000000000000000
00000000000000000000000000000000
00000000000000000000000000000000
00000000000000000000000000000000
00000000000000000000000000000000
00000000000000000000000000000000
00000000000000000000000000000000
00000000000000000000000000000000
00000000000000000000000000000000
00000000000000000000000000000000
00000000000000000000000000000000