00001110000000000000000000000001
00000010100011101000000000111111
00000000100011111000001110100000
00000010000111101111010000001101
00000000100100100000000000000000
00000010000111110111110000000001
00000100000000000001001111000000
00000010100000101000000000000010
00000010000111110111110000000010
00000100000000000001011111000000
00000010100000110000000000000000
00000010000111110111110000000011
00000100000000000001101111000000
00000010100000111000000000000000
00000010000111110111110000000100
00000100000000000001111111000000
00000010100001000000000000000001
00000010000111110111110000000101
00000100000000000010001111000000
00000010100001001000000000000010
00000001000100000001000100100000
01001110000000000000000000000111
00000010100001010000000000000000
00000010000111110111110000000101
00000100000000000010101111000000
00000010000111110111110000000001
00000100000000000001001111000000
00001110000000000000000000000001
00000010000111110111110000000010
00000100000101011000001111000000
00000010000111110111110000000001
00000100000101100000001111000000
00000001000100000010110110000000
01001110000000000000000000011011
00000000001101101011000101100000
00000010000111110111110000000011
00000100000000000011011111000000
00000000001001110011010101100000
00000000000101111011000111000000
00000010000111110111110000000100
00000100000000000011111111000000
00000010100010000000000000000000
00000001000100000011111000000000
00101110000000000000000000001001
00000010100010001000000000000000
00000010000111110111110000000101
00000100000000000100011111000000
00000010000111110111110000000100
00000100000000000011111111000000
00000010000111110111110000000011
00000100000000000011011111000000
00001110000000000000000000000001
00000010000111110111110000000010
00000100000110010000001111000000
00000010000010011100100000000001
00000010000111110111110000000010
00000100000000000100111111000000
00000010000111110111110000000010
00000100000000000100111111000000
00001110000000000000001111100001
00000010000111110111110000000101
00000100000110100000001111000000
00000000100000001000001010000000
00000000101000000000000000100000
00001110000000000000000000000001
00001110000000000000000000000000
00000000000000000000000000000000
00000000000000000000000000000000
00000000000000000000000000000000
00000000000000000000000000000000
00000000000000000000000000000000
00000000000000000000000000000000
00000000000000000000000000000000
00000000000000000000000000000000
00000000000000000000000000000000
00000000000000000000000000000000
00000000000000000000000000000000
00000000000000000000000000000000
00000000000000000000000000000000
00000000000000000000000000000000
00000000000000000000000000000000
00000000000000000000000000000000
00000000000000000000000000000000
00000000000000000000000000000000
00000000000000000000000000000000
00000000000000000000000000000000
00000000000000000000000000000000
00000000000000000000000000000000
00000000000000000000000000000000
00000000000000000000000000000000
00000000000000000000000000000000
00000000000000000000000000000000
00000000000000000000000000000000
00000000000000000000000000000000
00000000000000000000000000000000
00000000000000000000000000000000
00000000000000000000000000000000
00000000000000000000000000000000
00000000000000000000000000000000
00000000000000000000000000000000
00000000000000000000000000000000
00000000000000000000000000000000
00000000000000000000000000000000
00000000000000000000000000000000
00000000000000000000000000000000
00000000000000000000000000000000
00000000000000000000000000000000
00000000000000000000000000000000
00000000000000000000000000000000
00000000000000000000000000000000
00000000000000000000000000000000
00000000000000000000000000000000
00000000000000000000000000000000
00000000000000000000000000000000
00000000000000000000000000000000
00000000000000000000000000000000
00000000000000000000000000000000
00000000000000000000000000000000
00000000000000000000000000000000
00000000000000000000000000000000
00000000000000000000000000000000
00000000000000000000000000000000
00000000000000000000000000000000
00000000000000000000000000000000
00000000000000000000000000000000
00000000000000000000000000000000
00000000000000000000000000000000
00000000000000000000000000000000
00000000000000000000000000000000
00000000000000000000000000000000