00001110000000000000000000000001
00000010100011101000000000111111
00000000100011111000001110100000
00000010000111101111010000011110
00000010100000100000000000000000
00000010000111110111110000000001
00000100000000000001001111000000
00000010100000101000000000000000
00000010000111110111110000000010
00000100000000000001011111000000
00000010100000110000000001000000
00000010000000111001100000000000
00000010100001000000000000001100
00000100000000000010000011100000
00000010100001001000000001000000
00000010000001010010010000000001
00000010100001011000000000000111
00000100000000000010110101000000
00000010100001100000000001000000
00000010000001101011000000000010
00000010100001110000000000010011
00000100000000000011100110100000
00000010100001111000000001000000
00000010000010000011110000000011
00000010100010001000000000000011
00000100000000000100011000000000
00000010100010010000000001000000
00000010000010011100100000000100
00000010100010100000000000011001
00000100000000000101001001100000
00000010100010101000000001000000
00000010000010110101010000000101
00000010100010111000000000000100
00000100000000000101111011000000
00000010100011000000000001000000
00000010000011001110000000000110
00000010100011010000000000010010
00000100000000000110101100100000
00000010100000110000000001000000
00000010000001000001100000000111
00000010100000111000000000001001
00000100000000000001110100000000
00000010100001001000000001000000
00000010000001011010010000000000
00000100000101010000000101100000
00000010000111110111110000000010
00000100000000000010101111000000
00000010100001100000000000000001
00000010000111110111110000000001
00000100000000000011001111000000
00000010000111110111110000000010
00000100000000000010101111000000
00000010000111110111110000000001
00000100000000000011001111000000
00000010000111110111110000000001
00000100000101110000001111000000
00000010100001101000000000001000
00000001000100000011100110100000
01001110000000000000000000011000
00000010100001111000000001000000
00000000000010001011110111000000
00000100000110000000001000100000
00000010000111110111110000000010
00000100000110010000001111000000
00000001000100000100001001000000
01101110000000000000000000001001
00000010100010100000000001000000
00000000000010011101000111000000
00000100000110101000001001100000
00000010000111110111110000000010
00000100000000000101011111000000
00000010000111110111110000000010
00000100000000000101011111000000
00001110000000000000000000000001
00000010000111110111110000000001
00000100000110111000001111000000
00000010000010110101110000000001
00000010000111110111110000000001
00000100000000000101101111000000
00000010000111110111110000000001
00000100000000000101101111000000
00001110000000000000001111100101
00000010000111110111110000000010
00000100000111000000001111000000
00000000100000001000001100000000
00000000101000000000000000100000
00001110000000000000000000000001
00001110000000000000000000000000
00000000000000000000000000000000
00000000000000000000000000000000
00000000000000000000000000000000
00000000000000000000000000000000
00000000000000000000000000000000
00000000000000000000000000000000
00000000000000000000000000000000
00000000000000000000000000000000
00000000000000000000000000000000
00000000000000000000000000000000
00000000000000000000000000000000
00000000000000000000000000000000
00000000000000000000000000000000
00000000000000000000000000000000
00000000000000000000000000000000
00000000000000000000000000000000
00000000000000000000000000000000
00000000000000000000000000000000
00000000000000000000000000000000
00000000000000000000000000000000
00000000000000000000000000000000
00000000000000000000000000000000
00000000000000000000000000000000
00000000000000000000000000000000
00000000000000000000000000000000
00000000000000000000000000000000
00000000000000000000000000000000
00000000000000000000000000000000
00000000000000000000000000000000
00000000000000000000000000000000
00000000000000000000000000000000
00000000000000000000000000000000
00000000000000000000000000000000
00000000000000000000000000000000
00000000000000000000000000000000
00000000000000000000000000000000
00000000000000000000000000000000
00000000000000000000000000000000
00000000000000000000000000000000
00000000000000000000000000000000
00000000000000000000000000000000
00000000000000000000000000000000
00000000000000000000000000000000
00000000000000000000000000000000
00000000000000000000000000000000
00000000000000000000000000000000
00000000000000000000000000000000
00000000000000000000000000000000
00000000000000000000000000000000
00000000000000000000000000000000
00000000000000000000000000000000
00000000000000000000000000000000
00000000000000000000000000000000
00000000000000000000000000000000
00000000000000000000000000000000
00000000000000000000000000000000
00000000000000000000000000000000
00000000000000000000000000000000
00000000000000000000000000000000
00000000000000000000000000000000
00000000000000000000000000000000
00000000000000000000000000000000
00000000000000000000000000000000
00000000000000000000000000000000
00000000000000000000000000000000
00000000000000000000000000000000
00000000000000000000000000000000
00000000000000000000000000000000
00000000000000000000000000000000
00000000000000000000000000000000
00000000000000000000000000000000
00000000000000000000000000000000