00001110000000000000000000000001
00000010100011101000000000111111
00000000100011111000001110100000
00000010000111101111010000011011
00000000100100100000000000000000
00000010000111110111110000000001
00000100000000000001001111000000
00000010100000101000000000000000
00000010000111110111110000000010
00000100000000000001011111000000
00000010100000110000000000000000
00000010000100111001100000000001
00000010000111110111110000000011
00000100000000000001111111000000
00000010100001000000000001000000
00000010000001001010000000000000
00000010100001010000000000000100
00000100000000000010100100100000
00000010100001011000000001000000
00000010000001100010110000000001
00000010100001101000000000001001
00000100000000000011010110000000
00000010100001110000000001000000
00000010000001111011100000000010
00000010100010000000000000001111
00000100000000000100000111100000
00000010100010001000000001000000
00000010000010010100010000000011
00000010100010011000000000000010
00000100000000000100111001000000
00000010100010100000000001000000
00000010000010101101000000000100
00000010100010110000000000001111
00000100000000000101101010100000
00000010100010111000000001000000
00000010000011000101110000000101
00000010100011001000000000000111
00000100000000000110011100000000
00000010100011010000000001000000
00000010000000100110100000000110
00000010100000111000000000000001
00000100000000000001110010000000
00000010100001000000000001000000
00000010000001010010000000000111
00000010100001001000000000001000
00000100000000000010010101000000
00000010000111110111110000000010
00000100000101011000001111000000
00000010100001101000000000001000
00000001000100000010110110100000
01001110000000000000000000010111
00000010100001100000000001000000
00000000000001110011000101100000
00000100000110000000000111000000
00000010000111110111110000000001
00000100000101111000001111000000
00000001000100000100000111100000
00101110000000000000000000001000
00000010000111110111110000000011
00000100000000000010111111000000
00000010000111110111110000000001
00000100000000000011111111000000
00000010000111110111110000000011
00000100000000000010111111000000
00001110000000000000000000000001
00000010000111110111110000000010
00000100000110001000001111000000
00000010000010011100010000000001
00000010000111110111110000000010
00000100000000000100111111000000
00000010000111110111110000000010
00000100000000000100111111000000
00001110000000000000001111100110
00000010000111110111110000000011
00000100000110010000001111000000
00000000100000001000001001000000
00000000101000000000000000100000
00001110000000000000000000000001
00001110000000000000000000000000
00000000000000000000000000000000
00000000000000000000000000000000
00000000000000000000000000000000
00000000000000000000000000000000
00000000000000000000000000000000
00000000000000000000000000000000
00000000000000000000000000000000
00000000000000000000000000000000
00000000000000000000000000000000
00000000000000000000000000000000
00000000000000000000000000000000
00000000000000000000000000000000
00000000000000000000000000000000
00000000000000000000000000000000
00000000000000000000000000000000
00000000000000000000000000000000
00000000000000000000000000000000
00000000000000000000000000000000
00000000000000000000000000000000
00000000000000000000000000000000
00000000000000000000000000000000
00000000000000000000000000000000
00000000000000000000000000000000
00000000000000000000000000000000
00000000000000000000000000000000
00000000000000000000000000000000
00000000000000000000000000000000
00000000000000000000000000000000
00000000000000000000000000000000
00000000000000000000000000000000
00000000000000000000000000000000
00000000000000000000000000000000
00000000000000000000000000000000
00000000000000000000000000000000
00000000000000000000000000000000
00000000000000000000000000000000
00000000000000000000000000000000
00000000000000000000000000000000
00000000000000000000000000000000
00000000000000000000000000000000
00000000000000000000000000000000
00000000000000000000000000000000
00000000000000000000000000000000
00000000000000000000000000000000
00000000000000000000000000000000
00000000000000000000000000000000
00000000000000000000000000000000
00000000000000000000000000000000
00000000000000000000000000000000
00000000000000000000000000000000
00000000000000000000000000000000
00000000000000000000000000000000
00000000000000000000000000000000
00000000000000000000000000000000
00000000000000000000000000000000
00000000000000000000000000000000
00000000000000000000000000000000
00000000000000000000000000000000
00000000000000000000000000000000
00000000000000000000000000000000
00000000000000000000000000000000
00000000000000000000000000000000
00000000000000000000000000000000
00000000000000000000000000000000
00000000000000000000000000000000
00000000000000000000000000000000
00000000000000000000000000000000
00000000000000000000000000000000
00000000000000000000000000000000
00000000000000000000000000000000
00000000000000000000000000000000
00000000000000000000000000000000