00001110000000000000000000000001
00000010100011101000000000111111
00000000100011111000001110100000
00000010000111101111010000001010
00000000100100100000000000000000
00000010000111110111110000000001
00000100000000000001001111000000
00000010000111110111110000000001
00000100000000000001001111000000
00000000100100101000000000000000
00000010000111110111110000000010
00000100000000000001011111000000
00000010100000110000000000000000
00000010000111110111110000000011
00000100000000000001101111000000
00000010100000111000000000000000
00000010000111110111110000000100
00000100000000000001111111000000
00000010000111110111110000000010
00000100000000000001011111000000
00000010000111110111110000000010
00000100000101000000001111000000
00000010100001001000000000000000
00000001000100000010000100100000
00011110000000000000000000010011
00000010000111110111110000000001
00000100000101010000001111000000
00000000001101011010100100000000
00000010000111110111110000000011
00000100000000000010111111000000
00000000001001100010110100000000
00000000000101101010100110000000
00000010000111110111110000000100
00000100000000000011011111000000
00000010000111110111110000000001
00000100000000000010001111000000
00000010000111110111110000000010
00000100000000000011011111000000
00000010000111110111110000000011
00000100000000000010111111000000
00000010000111110111110000000010
00000100000000000011011111000000
00001110000000000000001111101010
00000010000111110111110000000001
00000100000101110000001111000000
00000000100000001000000111000000
00000000101000000000000000100000
00001110000000000000000000000001
00001110000000000000000000000000
00000000000000000000000000000000
00000000000000000000000000000000
00000000000000000000000000000000
00000000000000000000000000000000
00000000000000000000000000000000
00000000000000000000000000000000
00000000000000000000000000000000
00000000000000000000000000000000
00000000000000000000000000000000
00000000000000000000000000000000
00000000000000000000000000000000
00000000000000000000000000000000
00000000000000000000000000000000
00000000000000000000000000000000
00000000000000000000000000000000
00000000000000000000000000000000
00000000000000000000000000000000
00000000000000000000000000000000
00000000000000000000000000000000
00000000000000000000000000000000
00000000000000000000000000000000
00000000000000000000000000000000
00000000000000000000000000000000
00000000000000000000000000000000
00000000000000000000000000000000
00000000000000000000000000000000
00000000000000000000000000000000
00000000000000000000000000000000
00000000000000000000000000000000
00000000000000000000000000000000
00000000000000000000000000000000
00000000000000000000000000000000
00000000000000000000000000000000
00000000000000000000000000000000
00000000000000000000000000000000
00000000000000000000000000000000
00000000000000000000000000000000
00000000000000000000000000000000
00000000000000000000000000000000
00000000000000000000000000000000
00000000000000000000000000000000
00000000000000000000000000000000
00000000000000000000000000000000
00000000000000000000000000000000
00000000000000000000000000000000
00000000000000000000000000000000
00000000000000000000000000000000
00000000000000000000000000000000
00000000000000000000000000000000
00000000000000000000000000000000
00000000000000000000000000000000
00000000000000000000000000000000
00000000000000000000000000000000
00000000000000000000000000000000
00000000000000000000000000000000
00000000000000000000000000000000
00000000000000000000000000000000
00000000000000000000000000000000
00000000000000000000000000000000
00000000000000000000000000000000
00000000000000000000000000000000
00000000000000000000000000000000
00000000000000000000000000000000
00000000000000000000000000000000